10
0.990 0.389
1.000 0.365
0.960 0.084
0.670 0.093
0.750 0.103
0.700 0.094
0.770 0.105
0.640 0.092
0.770 0.100
0.630 0.127
0.740 0.086
0.730 0.092
0.700 0.098
0.670 0.116
0.680 0.087
0.660 0.102
0.640 0.094
0.680 0.115
0.690 0.087
0.660 0.105
0.730 0.128
0.740 0.103
0.870 0.119
0.560 0.100
0.560 0.104
0.500 0.112
0.650 0.101
0.790 0.121
0.810 0.110
0.820 0.100
0.870 0.108
1.000 0.112

60
0.980 0.368
1.000 0.340
0.990 0.099
0.630 0.100
0.700 0.088
0.510 0.090
0.680 0.077
0.660 0.081
0.620 0.108
0.600 0.078
0.740 0.078
0.900 0.085
1.000 0.091
1.000 0.124
0.620 0.104
0.910 0.109
0.930 0.120
0.990 0.123


120
1.000 0.369
1.000 0.357
1.000 0.074
0.640 0.103
0.600 0.069
0.630 0.088
0.920 0.081
1.000 0.079
0.630 0.087
0.960 0.108
1.000 0.136
1.000 0.103
0.640 0.104
0.980 0.107
0.620 0.126
0.510 0.107
0.600 0.101
0.430 0.107
0.500 0.127
0.910 0.105
0.970 0.113

180
0.980 0.363
1.000 0.366
0.990 0.067
0.460 0.078
0.640 0.085
0.600 0.063
0.600 0.060
0.740 0.065
0.710 0.067
0.560 0.062
0.990 0.063
0.380 0.070
0.450 0.091
0.970 0.067
1.000 0.073
1.000 0.084
0.800 0.083
0.550 0.100
0.700 0.082
0.930 0.077
0.980 0.120
1.000 0.094
1.000 0.101

230
0.890 0.373
1.000 0.399
1.000 0.079
0.430 0.065
0.800 0.062
0.690 0.067
0.520 0.060
0.810 0.057
0.810 0.064
0.760 0.057
0.990 0.073
0.630 0.066
0.750 0.061
1.000 0.064
1.000 0.084
1.000 0.063
1.000 0.078
