data_augmentation (label 0 bị dự đoán thành label 2)
[[0. 0. 1. 0. 0.]]			0
[[0. 0. 1. 0. 0.]]			0
[[0.   0.01 0.99 0.01 0.  ]]
[[0. 1. 0. 0. 0.]]
[[0. 1. 0. 0. 0.]]
[[0. 0. 1. 0. 0.]]
[[0. 0. 1. 0. 0.]]
[[0. 0. 1. 0. 0.]]
[[0. 0. 0. 1. 0.]]
[[0. 0. 0. 1. 0.]]
[[0.   0.   0.   0.02 0.98]]
[[0. 0. 0. 0. 1.]]
[[0.   0.   0.02 0.   0.98]]
[[0. 0. 1. 0. 0.]]			0
[[0. 0. 1. 0. 0.]]			0
[[0. 0. 1. 0. 0.]]
[[0. 0. 1. 0. 0.]]
[[0.   0.   0.01 0.99 0.  ]]
[[0. 0. 0. 1. 0.]]
[[0.07 0.   0.18 0.74 0.  ]]		2
[[0. 0. 1. 0. 0.]]
[[0. 0. 1. 0. 0.]]
[[0. 0. 1. 0. 0.]]
[[0. 1. 0. 0. 0.]]
[[0. 1. 0. 0. 0.]]



original_model (label 2 bị đoán thành label 0, label 4 thi thoảng bị dự đoán thành label 0)
[[1. 0. 0. 0. 0.]]
[[1. 0. 0. 0. 0.]]
[[0.98 0.02 0.   0.   0.  ]]
[[0. 1. 0. 0. 0.]]
[[0. 1. 0. 0. 0.]]
[[0. 1. 0. 0. 0.]]
[[1. 0. 0. 0. 0.]]			2
[[1. 0. 0. 0. 0.]]			2
[[1. 0. 0. 0. 0.]]			2
[[1. 0. 0. 0. 0.]]			2
[[0. 0. 0. 1. 0.]]
[[0. 0. 0. 1. 0.]]
[[0. 0. 0. 1. 0.]]
[[1. 0. 0. 0. 0.]]			4
[[1. 0. 0. 0. 0.]]			4
[[1. 0. 0. 0. 0.]]
[[1. 0. 0. 0. 0.]]
[[0.98 0.   0.02 0.   0.  ]]
[[1. 0. 0. 0. 0.]]
[[0.84 0.   0.16 0.   0.  ]]
[[1. 0. 0. 0. 0.]]
[[0. 0. 0. 1. 0.]]
[[0. 0. 0. 1. 0.]]
[[0.   0.54 0.   0.45 0.  ]]		
[[0. 1. 0. 0. 0.]]
[[0. 1. 0. 0. 0.]]
[[0.22 0.78 0.   0.   0.  ]]		2
[[1. 0. 0. 0. 0.]]			2
[[1. 0. 0. 0. 0.]]			2



synthetic_model (lable 0 bị đự đoán thành lable 2)
[[0. 0. 1. 0. 0.]]			0
[[0. 0. 1. 0. 0.]]			0
[[0. 0. 1. 0. 0.]]			0
[[0. 0. 1. 0. 0.]]			0
[[0. 1. 0. 0. 0.]]
[[0. 1. 0. 0. 0.]]
[[0. 1. 0. 0. 0.]]
[[0. 0. 1. 0. 0.]]
[[0. 0. 1. 0. 0.]]
[[0. 0. 1. 0. 0.]]
[[0. 0. 1. 0. 0.]]
[[0.   0.   0.11 0.88 0.  ]]
[[0. 0. 0. 1. 0.]]
[[0. 0. 0. 1. 0.]]
[[0. 0. 0. 1. 0.]]
[[0. 0. 0. 0. 1.]]
[[0. 0. 0. 0. 1.]]
[[0. 0. 0. 0. 1.]]
[[0. 0. 0. 0. 1.]]
[[0. 0. 0. 1. 0.]]
[[0. 0. 0. 1. 0.]]
[[0. 0. 0. 1. 0.]]
[[0.   0.01 0.   0.99 0.  ]]
[[0. 1. 0. 0. 0.]]
[[0. 1. 0. 0. 0.]]
[[0. 1. 0. 0. 0.]]
[[0. 0. 1. 0. 0.]]			0
[[0. 0. 1. 0. 0.]]			0


transfer_learning_model (label 0 bị dự đoán thành lable 2, lable 4 bị dự đoán thành lable 0)
[[0. 0. 1. 0. 0.]]			0
[[0. 0. 1. 0. 0.]]			0
[[0. 0. 1. 0. 0.]]			0
[[0.07 0.   0.92 0.   0.  ]]		1
[[0. 1. 0. 0. 0.]]
[[0. 1. 0. 0. 0.]]
[[0. 1. 0. 0. 0.]]
[[0. 0. 1. 0. 0.]]
[[0. 0. 1. 0. 0.]]
[[0. 0. 1. 0. 0.]]
[[0. 0. 1. 0. 0.]]
[[0. 0. 0. 1. 0.]]
[[0. 0. 0. 1. 0.]]
[[0. 0. 0. 1. 0.]]
[[0. 0. 0. 1. 0.]]
[[1. 0. 0. 0. 0.]]			4
[[0.99 0.01 0.01 0.   0.  ]]		4
[[1. 0. 0. 0. 0.]]			4
[[0.01 0.   0.   0.99 0.  ]]
[[0. 0. 0. 1. 0.]]
[[0. 0. 0. 1. 0.]]
[[0.01 0.99 0.   0.   0.  ]]
[[0. 1. 0. 0. 0.]]
[[0.   0.99 0.   0.   0.  ]]
[[0. 0. 1. 0. 0.]]
[[0. 0. 1. 0. 0.]]
[[0.52 0.   0.47 0.   0.  ]]
[[0.94 0.   0.05 0.   0.  ]]
[[0. 1. 0. 0. 0.]]
[[0.   0.   0.99 0.   0.  ]]
[[0. 0. 0. 1. 0.]]
[[0.04 0.   0.01 0.   0.95]]
[[0.04 0.   0.   0.64 0.32]]
[[0.06 0.   0.   0.61 0.33]]
[[0.01 0.   0.   0.96 0.03]]
[[0. 1. 0. 0. 0.]]
[[0.99 0.   0.01 0.   0.  ]]
[[0.94 0.   0.03 0.   0.02]]
[[0.02 0.   0.   0.   0.98]]
[[0.05 0.   0.   0.79 0.16]]
[[0. 0. 0. 1. 0.]]
[[0.76 0.   0.22 0.   0.01]]
[[0. 1. 0. 0. 0.]]
[[0. 0. 1. 0. 0.]]
[[0.   0.   0.   0.99 0.  ]]
[[0.01 0.   0.   0.   0.99]]
[[0.   0.   0.   0.99 0.  ]]
[[0. 1. 0. 0. 0.]]
[[0.65 0.   0.35 0.01 0.  ]]
[[0.03 0.   0.   0.96 0.01]]
[[0.08 0.   0.01 0.04 0.88]]
[[0.01 0.   0.99 0.   0.  ]]
[[0. 1. 0. 0. 0.]]
[[1. 0. 0. 0. 0.]]
[[0.14 0.   0.   0.2  0.66]]
[[0.19 0.   0.01 0.77 0.02]]
[[1. 0. 0. 0. 0.]]
[[0. 1. 0. 0. 0.]]
[[0. 0. 1. 0. 0.]]
[[0.01 0.   0.   0.99 0.  ]]
[[0. 0. 0. 0. 1.]]
[[0. 1. 0. 0. 0.]]
[[0.62 0.   0.37 0.   0.  ]]
[[0. 0. 0. 0. 1.]]
[[0.   0.   0.99 0.   0.  ]]
[[0. 1. 0. 0. 0.]]
[[0.   0.01 0.   0.99 0.  ]]
