10 0.5271713840726390 0.120375123412231223
20 0.5488422315727700 0.119662102127075230 
30 0.5918149553104239 0.11938912341234523
40 0.5676415491805211 0.11925645683341290
50 0.5748901966003474 0.119035645683341290
60 0.5803451347903213 0.1185185884570959223
70 0.5852529888420240 0.1181813257457939641
80 0.6085528240272451 0.11766453153487483
90 0.6104406511343450 0.117404387618897512
100 0.6095149977627179 0.1170499442610464767
110 0.6244296039887901 0.116677675024759344
120 0.6557280859382820 0.116176312764485732
130 0.6635962455987966 0.1157092242075622089
140 0.6759674074809031 0.115127790224291398
150 0.6536421862288125 0.114549970454158073
170 0.6668587740321127 0.11404118060235951
180 0.6564001073098652 0.113704325429947205
190 0.6755267943652324 0.113376065812001456
200 0.6605970508737556 0.112692613920580716
210 0.6496182876565820 0.1123834524365484794
220 0.6560845172866046 0.111973315735356781
230 0.6509579192189194 0.11103529411764708

